
strategic_region={
	id=4
	name="STRATEGICREGION_4"
	provinces={
		8050 8204 8397 8412 8516 8580 8791 8797 8913 8979 9014 9102 9134 9141 9410 9411 9419 9431 9689 9863 9893 9942 10066 10121 10165 10203 10275 10277 10337 10476 10505 10548 10617 10649 10665 10730 10754 10810 10813 10888 10911 10943 10952 11053 11066 11227 11494 11598 11775 11795 11798 11862 11954 11968 11995 12112 12146 12179 12214 12248 12270 12326 12399 13336 13346 13347 13349 13353 13355 13368 13376 13381 13385 13387 13390 13391 13396 13406 13418 13424 13432 13437 
	}
	weather={
	}
}
