
strategic_region={
	id=5
	name="STRATEGICREGION_5"
	provinces={
		8125 8137 8268 8273 8286 8416 8565 8671 8714 8762 8794 8863 8880 8922 8948 9012 9044 9064 9104 9195 9199 9264 9322 9370 9447 9457 9622 9628 9632 9685 9704 9789 9812 9849 9943 10027 10183 10429 10480 10486 10612 10767 10842 10858 10882 11013 11023 11039 11078 11159 11207 11230 11239 11260 11311 11373 11423 11469 11566 11689 11718 11796 11817 11836 11914 11959 11982 12003 12029 12053 12097 12104 12108 12109 12208 12247 12256 12273 12337 12372 12494 12495 13200 13205 13212 13229 13233 13243 13250 13270 13273 13284 13289 13292 13305 13306 13307 
	}
	weather={
	}
}
