
strategic_region={
	id=8
	name="STRATEGICREGION_8"
	provinces={
		8150 8241 8259 8300 8319 8328 8359 8428 8545 8559 8735 8739 8741 8933 8991 8994 9013 9035 9037 9045 9087 9193 9262 9308 9314 9350 9375 9501 9580 9597 9729 9933 9935 9939 9961 9985 9991 10005 10042 10108 10127 10190 10231 10256 10281 10314 10329 10339 10351 10386 10418 10493 10524 10608 10613 10629 10632 10698 10707 10741 10762 10778 10785 10866 10892 10913 10922 10926 10994 11005 11007 11009 11020 11035 11044 11049 11060 11065 11067 11069 11084 11231 11235 11236 11249 11252 11319 11329 11333 11387 11415 11429 11450 11475 11488 11511 11513 11525 11656 11680 11690 11710 11739 11778 11793 11835 11967 11986 12006 12013 12033 12067 12156 12167 12231 12283 12365 12400 12436 12442 12461 12520 12521 12529 12534 12543 12545 12546 12551 12558 12559 12563 12567 12574 12577 12595 12596 12597 12600 12626 12639 12641 12648 12667 12670 12674 12687 12694 12695 12696 12698 12700 12701 12708 12713 12725 12728 12737 12742 
	}
	weather={
	}
}
