
strategic_region={
	id=9
	name="STRATEGICREGION_9"
	provinces={
		8040 8224 8356 8725 8746 8748 8750 8874 8877 8912 8963 9246 9387 9494 9587 9697 9722 9747 9871 9878 9879 9964 10074 10151 10159 10335 10375 10479 10518 10568 10650 10683 10846 10962 11019 11042 11122 11124 11138 11157 11208 11220 11233 11308 11318 11330 11359 11402 11495 11533 11604 11678 11731 11746 11756 11788 11831 11861 11872 11893 11988 12050 12062 12065 12125 12182 12228 12237 12287 12355 12419 12457 12468 12502 12503 12821 12828 12840 12841 12842 12849 12856 12858 12859 12860 12862 12865 12868 12875 12879 12880 12883 12890 12891 12894 12902 12907 12912 12914 12924 
	}
	weather={
	}
}
