
state={
	id=11
	name="STATE_11"
	provinces={
		87 130 149 271 303 318 401 452 494 529 542 573 790 792 849 937 987 1137 1172 1195 1317 1511 1765 1818 1911 2019 2181 2355 2360 2474 2549 2729 2743 2777 2806 2969 3042 3158 3319 3343 3564 3613 3652 3926 3927 4025 4268 4522 4676 4863 4900 4994 5022 5044 5106 5220 5846 5861 5864 5870 5872 5877 5882 5892 5896 5911 5933 5938 5939 5940 5941 5969 5982 5991 6017 
	}
	manpower= 50000
	state_category = wasteland
	history = {
		owner = HEL
	}
	buildings_max_level_factor=1.000
	local_supplies=0.000
}
