
state={
	id=13
	name="STATE_13"
	provinces={
		77 98 291 430 435 450 682 789 827 883 890 982 989 1187 1537 1668 1751 1834 1859 1930 1972 2144 2296 2315 2368 2378 2536 2590 2656 2676 2735 2749 2812 2824 2829 2863 2868 2870 2903 2962 3002 3085 3189 3251 3345 3525 3721 3939 3997 4195 4281 4433 4501 4645 4656 4901 5094 5159 5211 6300 6306 6307 6329 6331 6338 6343 6346 6355 6361 6380 6393 6401 6415 6423 6428 6431 6434 6438 6452 6463 6470 6498 6505 6506 6511 6519 
	}
	manpower=0
	buildings_max_level_factor=1.000
}
