state={
	id=2
	name="STATE_2"
	provinces={
		37 47 48 58 60 63 66 119 208 232 289 338 357 395 414 459 478 497 593 622 661 665 697 712 778 887 891 1087 1149 1156 1212 1280 1294 1325 1328 1401 1435 1571 1599 1695 1700 1803 1913 2041 2113 2136 2168 2225 2241 2294 2304 2324 2350 2363 2374 2379 2434 2513 2532 2567 2572 2615 2628 2638 2670 2680 2695 2757 2790 2900 2987 2999 3062 3087 3107 3108 3180 3218 3292 3421 3466 3500 3614 3663 3960 3998 4054 4175 4192 4233 4299 4317 4330 4352 4458 4487 4562 4621 4678 4770 4807 4869 4965 5036 5212 5256 5257 5258 5296 5316 5324 5327 5334 5335 5336 5340 5349 5359 5375 5376 5389 5391 5408 5413 5415 5419 5421 5422 5424 5427 5438 
	}
	history = {
	owner = TST
	buildings = {
		infrastructure = 6
		industrial_complex = 8
	}
	}
	manpower=500000
	state_category = town
	buildings_max_level_factor=1.000
}
