#Missouri
state={
	id=20
	name="STATE_20"
	provinces={
		99 155 368 370 538 948 1332 1335 1392 1431 1692 1705 1726 1734 1779 1787 1861 1866 1951 1987 2109 2133 2156 2183 2511 2594 2631 2792 2948 2952 2982 3014 3021 3361 3378 3428 3631 3722 3911 3949 4011 4024 4147 4497 4655 4663 4731 4844 5017 5025 5132 5133 5156 5194 6319 6322 6344 6359 6360 6383 6402 6407 6412 6422 6425 6426 6430 6449 6451 6458 6467 6468 6487 6490 6492 6494 6508 6513 6515 6520 6526 6531 6532 6538 6539 6550 6551 6571 
	}
	manpower=0
	buildings_max_level_factor=1.000
}
