#Georgia
state={
	id=25
	name="STATE_25"
	provinces={
		44 132 144 464 603 628 693 773 949 962 1234 1269 1361 1555 1588 1729 1832 1862 1901 2082 2125 2158 2237 2310 2338 2353 2356 2404 2468 2507 2917 3057 3287 3615 3653 3694 3711 3765 3784 3790 3906 3991 4087 4140 4185 4318 4375 4493 4551 4617 4756 4768 4783 4850 4884 4937 4962 5028 5172 6640 6647 6657 6675 6689 6692 6700 6704 6715 6721 6739 6763 6770 6774 6798 6799 6805 6811 6826 6830 
	}
	manpower=0
	history = {
		owner = RER
	}
	buildings_max_level_factor=1.000
}
