#Florida
state={
	id=26
	name="STATE_26"
	provinces={
		159 386 412 6838 2877 439 554 666 809 1196 1200 1255 1353 1406 1426 1800 1986 2234 2381 2391 2527 2671 2906 2946 2986 3095 3286 3407 3447 3457 3487 3749 3908 4090 4308 4513 4556 4573 4659 4671 4702 4721 4740 4758 4766 5039 5077 5110 5144 6820 6821 6828 6842 6848 6856 6857 6865 6871 6884 6891 6898 6901 6905 6907 6909 6914 6921 6923 6929 6933 7817 7819 7820 7821 7822 
	}
	manpower=0
	history = {
		owner = FLO
	}
	buildings_max_level_factor=1.000
}
