#Arizonia
state={
	id=4
	name="STATE_4"
	provinces={
		1 209 258 458 499 516 673 676 784 852 975 991 1010 1020 1144 1215 1257 1329 1568 1590 1616 1628 1709 1744 1752 1770 1830 2024 2285 2314 2346 2407 2553 2624 2646 2702 2709 2800 2852 2885 2918 2920 2926 2939 2964 2988 3224 3318 3544 3592 3606 3619 3866 3900 3987 4082 4258 4320 4423 4452 4712 4805 4878 4970 5126 5168 5192 6535 6540 6553 6555 6607 6626 6666 6669 6670 6684 6694 6705 6708 6712 6729 6740 6741 6753 6757 6761 6772 6784 
	}
	manpower=0
	buildings_max_level_factor=1.000
}
