#New York
state={
	id=42
	name="STATE_42"
	provinces={
		14 3271 2186 2726 7757 78 83 260 375 488 614 663 788 818 1148 1155 1894 2347 2630 2657 2740 2896 2925 3032 3089 3096 3098 3100 3219 3257 3289 3313 3320 3411 3454 3484 3507 3532 3603 3680 3738 3775 3861 4232 4237 4304 4555 4561 4580 4860 5019 5195 5228 5246 6036 6062 6085 6119 6129 6131 6133 6137 6138 6145 6150 6161 6164 6167 6171 6175 6183 6190 6207 6223 6245 6264 7760
	}
	manpower=0
	history = {
		owner = NEY
	}
	buildings_max_level_factor=1.000
}
