state={
	id=479
	name="STATE_479"
	provinces={
		7 40 53 62 161 177 184 234 299 317 359 411 429 456 512 624 756 757 777 858 941 994 1003 1022 1032 1078 1089 1159 1226 1233 1245 1338 1479 1482 1541 1548 1604 1683 1708 1806 1863 1929 1948 1953 1976 2001 2053 2159 2191 2266 2282 2322 2325 2552 2599 2614 2625 2817 2875 2898 2936 2989 3008 3045 3126 3179 3248 3273 3402 3405 3501 3553 3569 3584 3596 3634 3674 3693 3741 3833 3841 3969 4003 4079 4081 4101 4155 4203 4266 4277 4288 4300 4302 4364 4371 4378 4391 4451 4464 4476 4507 4510 4512 4683 4763 4782 4874 4918 4931 4944 4967 5026 5031 5043 5050 5051 5095 5105 5129 5136 5142 5157 6218 6219 6254 6279 6288 6303 6311 6327 6328 6381 6387 6404 6408 6420 6443 6457 6460 6488 6491 6501 6507 6510 6527 6559 6564 6565 6570 6575 6580 6587 6591 6606 6616 6622 6641 6648 6651 6656 6660 6665 6681 6683 6701 6730 6734 6737 7737 7738 
	}
	history = {
	owner = TST
	buildings = {
		infrastructure = 6
		industrial_complex = 8
	}
	}
	manpower=500000
	state_category = town
	buildings_max_level_factor=1.000
}
