
state={
	id=49
	name="STATE_49"

	history={
		owner = PRA

	}

	provinces={
		6 21 22 111 136 145 147 153 170 175 198 228 230 268 275 296 313 356 367 374 396 398 403 444 470 485 506 521 551 563 570 584 598 609 610 617 670 674 683 685 707 721 725 735 759 768 770 771 791 808 812 813 824 843 862 864 868 872 873 878 914 915 922 926 977 995 999 1006 1008 1011 1028 1031 1035 1038 1041 1053 1079 1088 1093 1117 1125 1153 1198 1210 1241 1260 1266 1267 1286 1309 1339 1341 1351 1359 1370 1371 1375 1377 1398 1420 1423 1427 1443 1447 1456 1461 1542 1551 1565 1594 1617 1620 1634 1642 1653 1659 1671 1703 1713 1743 1760 1783 1805 1887 1947 1950 1982 1990 2002 2029 2049 2050 2059 2089 2121 2122 2132 2171 2175 2180 2196 2218 2235 2264 2270 2272 2329 2367 2380 2405 2412 2448 2451 2522 2526 2529 2530 2551 2562 2619 2629 2652 2668 2678 2696 2712 2750 2758 2762 2764 2782 2786 2804 2841 2849 2855 2858 2861 2955 2963 2966 2968 2994 3034 3036 3043 3066 3071 3102 3123 3146 3157 3228 3234 3244 3245 3268 3279 3311 3312 3314 3351 3358 3448 3558 3622 3655 3756 3762 3777 3796 3802 3830 3863 3880 3885 3896 3898 3905 3912 3930 3942 3983 3992 4006 4035 4052 4062 4072 4086 4095 4115 4121 4137 4141 4153 4167 4197 4239 4243 4255 4307 4309 4326 4342 4390 4397 4424 4432 4434 4462 4474 4553 4557 4593 4599 4611 4623 4642 4646 4650 4703 4799 4831 4849 4856 4895 4899 4908 4913 4941 4979 5003 5021 5033 5040 5046 5049 5093 5101 5116 5122 5127 5201 5222 5247 5248 5249 5250 5251 5252 5253 5254 5255 5298 5311 5313 5318 5321 5323 5329 5330 5331 5333 5337 5338 5352 5353 5358 5360 5364 5365 5366 5372 5373 5378 5380 5381 5387 5388 5390 5394 5403 5404 5406 5407 5409 5412 5417 5418 5423 5429 5430 5439 5440 5442 5444 5448 5457 5466 5470 5472 5474 5476 5477 5481 5485 5486 5491 5504 5512 5514 5530 5546 5553 5561 5571 7203 7205 7216 7267 7275 7281 7300 7316 7326 7338 7344 7347 7366 7367 7387 7399 7400 7406 7410 7416 7423 7436 7451 7455 7459 7467 7471 7486 
	}
	manpower=0
	buildings_max_level_factor=1.000
}
