
state={
	id=51
	name="STATE_51"

	history={
		owner = CUB

	}

	provinces={
		19 24 164 574 701 1142 1179 1467 1578 1605 1921 2101 2149 2223 2251 2328 2351 2456 2705 2711 2980 3281 3326 3395 3432 3605 3902 3986 4055 4184 4609 4612 4627 4662 4796 4881 4889 5020 5037 5076 6984 6986 6989 6991 6995 6996 6999 7003 7008 7012 7013 7017 7022 7028 7038 7045 7880 7897 7908 7911 7923 7926 7933 7940 7949 7951 7955 7959 7960 7962 7968 7974 7979 7983 7992 7994 8007 8010 8011 8014 8017 8023 8039 
	}
	manpower=50000
	buildings_max_level_factor=1.000
	state_category=wasteland
	local_supplies=0.000
}
