
state={
	id=53
	name="STATE_53"

	history={
		owner = GRE

	}

	provinces={
		269 364 416 511 590 608 633 700 905 944 967 1057 1101 1145 1161 1239 1367 1387 1472 1557 1747 2106 2112 2207 2348 2406 2419 2444 2491 2573 2617 2721 2803 3088 3206 3232 3348 3459 3485 3495 3549 3682 3719 3759 3774 3941 4046 4058 4074 4196 4279 4384 4468 4506 4516 4536 4644 4746 4815 5287 5288 5289 5290 5292 5307 5315 5343 5348 5355 5357 5363 5398 5402 5410 7094 7121 7163 7169 7184 7198 7214 7240 
	}
	manpower=50000
	buildings_max_level_factor=1.000
	state_category=wasteland
	local_supplies=0.000
}
