#Northwest Territories 
state={
	id=55
	name="STATE_55"
	provinces={
		30 31 51 143 173 218 259 321 363 496 528 566 581 597 601 654 668 694 741 794 896 923 974 1009 1019 1072 1098 1134 1157 1180 1193 1205 1217 1278 1283 1323 1349 1415 1429 1438 1473 1607 1632 1652 1661 1664 1675 1687 1710 1740 1757 1798 1824 1829 1841 1846 1903 1940 2036 2052 2071 2084 2102 2231 2253 2267 2299 2303 2331 2349 2357 2401 2429 2436 2464 2502 2520 2587 2588 2603 2623 2644 2664 2677 2713 2725 2802 2902 2909 2972 2985 2991 2997 3067 3104 3115 3367 3524 3656 3751 3763 3783 3884 3891 3936 3982 4016 4044 4061 4119 4229 4252 4269 4294 4306 4408 4412 4413 4435 4509 4682 4714 4892 4893 4933 5091 5092 5143 5186 5221 5259 5260 5261 5262 5263 5264 5265 5266 5267 5268 5269 5270 5271 5299 5305 5308 5309 5314 5317 5319 5325 5326 5328 5332 5341 5350 5351 5354 5361 5369 5374 5377 5379 5382 5383 5385 5386 5397 5405 5431 5432 5434 5435
		124 1254 5115 5347 1755 1721 1937 5399 3754 656 3648 4064 3039 1356 5437 866 5272 1305 5294 315 623 5273 5303 860 2051 5392 4610 476 2392 1523 2979 1224 1070 5274 5275 3757 1029 840 5370 595 4329 1017 5395 1284 1648 379 4383 7153 5344 1553 5276 5426 2422 4940 1452 2793 4211 722 4841 1697 5393 4094 4325 1433 1520 298 716 738 2490 2661 4952 2326 5346 535 5312 4218 732 1295 1973 2769 2203 1745 5277 520 1917 3377 4710 3438 760 4370 1300	 
		
	}
	manpower=0
	history = {
		owner = CAN
	}
	buildings_max_level_factor=1.000
}
