#Nunavut
state={
	id=56
	name="STATE_56"
	provinces={
		61 148 151 154 190 204 419 533 647 657 766 786 832 920 964 1005 1056 1059 1264 1455 1459 1547 1556 1579 1613 1784 1813 1853 1865 1886 1920 2000 2023 2222 2250 2265 2277 2293 2375 2427 2463 2465 2571 2665 2919 3006 3065 3076 3090 3238 3269 3282 3337 3339 3410 3479 3639 3716 3750 3922 4010 4031 4067 4105 4215 4355 4404 4546 4574 4675 4705 4883 4928 4991 5197 5241 5278 5279 5280 5281 5282 5293 5300 5301 5304 5306 5320 5322 5342 5345 5356 5362 5371 5400 5414 5425 5436 7349 4540 7356 7352 199 3527 
		5283 323 5284 607 4230 3456 3171 3215 1273 5310 4076 5214 5297 5285 5072 3760 324 646 4693 5367 9 5184 5291 748 1345 4080 1173
		4989 1796 292 2169 5302 3446 2687 4126 4957 331 1105 3732 3867 775 857 3168 3578 5219 1442 4773 3080 4151 5286 282 1904 4583 266
		4161 819 3230 4322 7134 7122 465 5295 7061 7067
	}
	manpower= 50000
	state_category = wasteland
	history = {
		owner = CAN
	}
	buildings_max_level_factor=1.000
}
