
state={
	id=57
	name="STATE_57"

	history={
		owner = CAN

	}

	provinces={
		10 27 33 38 46 73 74 125 134 162 179 211 226 249 276 281 354 371 407 408 426 428 437 477 514 515 532 549 562 577 588 618 636 652 664 703 718 726 728 736 750 780 802 804 846 876 877 879 916 918 940 953 993 1023 1030 1039 1065 1086 1102 1103 1113 1118 1178 1186 1214 1229 1242 1250 1297 1302 1312 1337 1348 1369 1386 1411 1413 1434 1439 1474 1502 1525 1534 1563 1564 1611 1622 1651 1718 1724 1741 1749 1763 1777 1782 1801 1819 1848 1851 1854 1868 1877 1883 1888 1895 1928 1958 1978 1991 1996 1997 2034 2035 2040 2044 2070 2086 2096 2097 2117 2189 2192 2197 2242 2254 2330 2336 2343 2430 2432 2435 2442 2452 2494 2495 2524 2533 2541 2546 2574 2586 2595 2604 2663 2679 2681 2719 2724 2732 2733 2745 2746 2765 2775 2827 2860 2878 2891 2897 2901 2921 2951 2954 2959 2975 3003 3048 3053 3056 3073 3075 3094 3121 3127 3131 3138 3163 3200 3207 3241 3270 3324 3342 3363 3406 3409 3412 3429 3440 3463 3482 3509 3517 3521 3537 3546 3574 3621 3637 3640 3668 3669 3686 3697 3730 3752 3769 3779 3781 3789 3851 3871 3882 3887 3892 3914 3950 3959 3979 3984 3985 4110 4136 4152 4166 4172 4224 4262 4274 4290 4292 4341 4357 4388 4466 4471 4486 4492 4576 4589 4606 4640 4643 4718 4749 4751 4759 4779 4862 4867 4871 4905 4920 4925 4927 4966 4973 4986 4988 5012 5061 5069 5138 5187 5196 5445 5449 5450 5458 5461 5462 5463 5475 5478 5482 5489 5492 5499 5506 5515 5516 5533 5547 5562 5568 5573 5581 5586 5590 5596 5598 5604 5621 5631 5639 5642 5654 5667 5671 5674 5678 5689 5703 5715 5717 5722 5732 5734 5743 5754 5755 5765 5766 5777 5790 5808 5812 5818 5833 5836 7435 7454 7456 7460 7465 7466 7472 7474 7478 7483 7484 7487 7488 7490 7494 7498 7502 7504 7508 7511 7513 7514 7515 7520 7526 7530 7532 7533 7534 7537 7538 7542 7555 7556 7561 7570 7573 7574 7575 7578 7588 7597 7603 
	}
	manpower=50000
	buildings_max_level_factor=1.000
	state_category=wasteland
	local_supplies=0.000
}
