
state={
	id=58
	name="STATE_58"

	history={
		owner = CAN

	}

	provinces={
		41 92 95 105 112 146 197 219 223 236 248 254 255 306 310 312 355 399 409 442 469 501 543 556 576 709 737 755 762 764 835 845 909 910 956 968 973 1000 1016 1090 1120 1128 1164 1176 1236 1249 1262 1316 1357 1381 1383 1412 1414 1422 1436 1445 1488 1490 1503 1508 1518 1530 1531 1533 1584 1598 1618 1619 1623 1637 1645 1658 1682 1685 1727 1738 1799 1809 1810 1811 1814 1856 1871 1885 1909 1926 1988 2020 2039 2045 2060 2073 2119 2123 2129 2138 2139 2190 2194 2211 2213 2229 2289 2308 2312 2354 2387 2411 2417 2428 2441 2457 2459 2476 2558 2700 2703 2722 2778 2788 2831 2846 2856 2886 2899 2996 3010 3064 3092 3105 3130 3143 3170 3210 3214 3217 3236 3242 3302 3316 3332 3344 3391 3435 3477 3496 3503 3511 3559 3575 3638 3643 3661 3664 3696 3740 3746 3758 3811 3903 3944 3953 3980 3995 4041 4065 4108 4117 4164 4173 4180 4199 4212 4284 4297 4319 4321 4393 4409 4410 4417 4446 4465 4508 4531 4660 4672 4743 4795 4801 4853 4943 4972 4977 4980 4997 5038 5056 5062 5137 5145 5174 5233 5446 5451 5452 5460 5467 5468 5479 5495 5497 5507 5524 5525 5543 5544 5545 5548 5555 5565 5578 5591 5609 5613 5624 5628 5632 5646 5649 5656 5662 5665 5668 5672 5680 5682 5690 5691 5712 5713 5714 5726 5736 5780 5813 5825 5828 5844 
	}
	manpower=50000
	buildings_max_level_factor=1.000
	state_category=wasteland
	local_supplies=0.000
}
