#Saskatchewan
state={
	id=59
	name="STATE_59"
	provinces={
		34 81 84 140 207 235 267 278 300 302 316 326 341 389 394 441 471 473 509 531 548 553 605 630 631 640 645 675 717 731 740 753 763 772 799 803 822 823 894 939 960 961 966 1076 1191 1202 1222 1253 1287 1350 1378 1380 1393 1448 1507 1522 1570 1573 1650 1655 1699 1701 1704 1715 1716 1733 1761 1778 1790 1831 1880 1993 2021 2027 2048 2093 2094 2128 2131 2137 2193 2204 2269 2283 2307 2333 2365 2408 2469 2486 2487 2503 2508 2512 2517 2542 2550 2581 2582 2591 2612 2653 2773 2859 2883 2929 3132 3142 3149 3175 3209 3212 3213 3223 3255 3294 3305 3310 3386 3419 3468 3471 3480 3481 3528 3538 3597 3713 3727 3728 3801 3826 3837 3839 3846 3859 3864 3952 3966 3971 3988 4012 4018 4133 4182 4204 4236 4242 4244 4253 4272 4291 4315 4324 4374 4426 4428 4431 4447 4495 4541 4547 4566 4568 4701 4706 4720 4785 4812 4829 4838 4890 4924 4953 4958 4959 4975 4976 5011 5027 5041 5134 5135 5188 5189 5190 5208 5441 5453 5454 5455 5465 5469 5473 5484 5487 5488 5498 5501 5517 5518 5526 5540 5563 5577 5593 5599 5605 5617 5634 5643 5647 5666 5669 5679 5687 5693 5705 5706 5716 5719 5723 5724 5740 5742 5745 5752 5756 5771 5772 5774 5779 5781 5792 5798 5805 5823 5824 5832 5840 5842 
	}
	manpower=0
	buildings_max_level_factor=1.000
}
