#Oregon
state={
	id=6
	name="STATE_6"
	provinces={
		18 118 222 284 402 410 448 474 498 600 727 847 913 955 979 1095 1133 1395 1446 1481 1526 1552 1638 1688 1717 1879 1902 2072 2075 2148 2206 2306 2316 2420 2544 2715 2770 2807 2945 3148 3191 3373 3425 3497 3526 3554 3807 3873 3899 4150 4202 4303 4345 4491 4579 4603 4604 4608 4629 4652 4809 4891 5131 5996 5999 6004 6005 6016 6040 6057 6063 6066 6075 6076 6092 6096 6106 6127 6148 6151 6156 6157 6158 6169 6176 6177 6185 6186 6196 6206 7687 4626 4469 94 2689 57 638 6199 2916 4774 
	}
	manpower=0
	history = {
		owner = WOZ
	}
	buildings_max_level_factor=1.000
}
