#Manitoba
state={
	id=60
	name="STATE_60"
	provinces={
		23 32 54 64 85 109 122 129 157 180 195 203 210 216 221 225 280 340 344 467 487 504 539 558 565 587 678 681 724 751 785 797 825 830 831 850 854 856 863 938 951 972 985 996 1058 1081 1092 1160 1170 1227 1271 1292 1313 1327 1372 1425 1492 1501 1504 1538 1572 1609 1629 1714 1754 1773 1781 1793 1826 1844 1884 1896 1954 1970 1984 1999 2003 2025 2042 2074 2088 2107 2126 2146 2151 2163 2173 2187 2252 2284 2288 2301 2371 2372 2389 2410 2446 2608 2626 2651 2704 2845 2867 2872 2882 2931 2935 2938 2976 3001 3097 3101 3117 3153 3188 3196 3246 3327 3346 3354 3372 3390 3531 3539 3562 3583 3604 3623 3627 3651 3706 3737 3744 3825 3870 3877 3893 3919 3929 3946 3948 4015 4056 4057 4071 4112 4183 4271 4289 4347 4461 4472 4473 4478 4498 4518 4524 4689 4697 4737 4741 4803 4847 4851 4852 4858 4866 4945 4964 5016 5029 5060 5071 5179 5217 5443 5456 5459 5471 5483 5494 5496 5503 5505 5508 5510 5520 5523 5531 5534 5535 5537 5538 5542 5549 5550 5554 5564 5569 5574 5580 5587 5592 5607 5614 5626 5633 5653 5675 5677 5694 5697 5699 5701 5707 5735 5741 5768 5769 5773 5776 5789 5794 5797 5800 5814 5815 5820 5821 5843 
	}
	manpower=0
	buildings_max_level_factor=1.000
}
