#Ontario
state={
	id=61
	name="STATE_61"
	provinces={
		15 25 86 88 90 91 96 102 126 160 163 166 181 191 192 201 202 214 229 244 262 307 309 311 325 327 347 358 372 373 383 397 405 415 418 461 483 503 525 527 546 557 561 619 620 672 691 783 839 855 875 897 903 936 978 983 1067 1083 1085 1096 1099 1119 1158 1163 1192 1274 1282 1355 1360 1400 1410 1454 1466 1486 1506 1514 1524 1567 1576 1577 1586 1592 1593 1597 1615 1641 1643 1690 1719 1758 1771 1808 1816 1860 1869 1892 1932 1938 1939 1959 1995 2062 2063 2068 2078 2176 2179 2188 2208 2245 2247 2261 2268 2286 2318 2319 2335 2340 2342 2366 2376 2383 2396 2398 2413 2438 2470 2498 2540 2555 2559 2560 2568 2579 2598 2600 2658 2690 2692 2694 2701 2708 2716 2755 2760 2772 2776 2789 2797 2805 2821 2828 2857 2911 2930 2956 2984 3009 3013 3022 3037 3044 3070 3084 3154 3162 3167 3172 3187 3222 3233 3259 3260 3261 3264 3284 3309 3341 3360 3371 3382 3384 3420 3424 3445 3467 3504 3514 3516 3540 3560 3593 3594 3600 3607 3625 3630 3676 3695 3715 3725 3804 3828 3844 3855 3865 3886 3904 3909 3916 3931 3967 4000 4033 4050 4068 4070 4078 4088 4097 4100 4103 4162 4189 4190 4200 4260 4310 4311 4327 4348 4379 4392 4396 4399 4405 4411 4448 4488 4502 4521 4527 4532 4539 4543 4560 4565 4570 4572 4581 4584 4592 4628 4638 4641 4665 4667 4669 4686 4690 4700 4704 4732 4748 4769 4811 4840 4842 4845 4846 4888 4897 4930 4996 5001 5023 5047 5098 5099 5107 5111 5113 5125 5161 5183 5202 5239 5582 5603 5608 5610 5611 5615 5629 5630 5638 5644 5650 5651 5659 5681 5683 5684 5688 5695 5698 5704 5708 5709 5710 5729 5733 5738 5739 5744 5747 5753 5759 5762 5770 5782 5784 5788 5791 5793 5796 5799 5804 5809 5810 5819 5826 5829 5830 5831 5834 5835 5837 5845 5847 5856 5859 5862 5875 5893 5918 5920 5942 5980 5988 6006 6008 6014 6034 6035 6050 6054 6056 6059 6084 6100 6101 6103 6109 6118 6136 6143 6200 4914 5986 7692 7620 7614
	}
	manpower=0
	history = {
		owner = CAN
	}
	buildings_max_level_factor=1.000
}
