#Quebec
state={
	id=62
	name="STATE_62"
	provinces={
		13 26 56 75 82 106 117 127 131 137 141 178 183 185 187 196 205 237 242 251 263 279 286 288 301 328 342 343 350 362 381 382 404 413 417 424 451 455 457 463 481 482 505 513 523 536 560 571 586 589 613 626 644 648 649 650 653 662 671 677 684 688 690 706 744 749 754 769 774 779 795 798 806 871 885 892 893 898 932 942 945 952 954 963 970 988 1018 1034 1046 1055 1066 1068 1073 1080 1108 1122 1126 1132 1135 1150 1151 1162 1182 1184 1197 1211 1216 1223 1232 1259 1261 1275 1279 1298 1303 1307 1324 1330 1331 1333 1334 1354 1382 1391 1396 1399 1405 1409 1417 1444 1468 1469 1471 1487 1489 1491 1493 1494 1500 1532 1560 1580 1582 1602 1627 1635 1636 1660 1686 1702 1706 1723 1725 1731 1750 1753 1789 1792 1794 1815 1823 1845 1864 1867 1875 1900 1908 1910 1914 1931 1943 1956 1960 1966 1969 1977 1989 2022 2030 2058 2065 2076 2083 2092 2104 2116 2120 2127 2165 2170 2174 2195 2198 2199 2205 2214 2219 2220 2238 2246 2259 2390 2393 2395 2400 2415 2416 2473 2479 2482 2483 2500 2506 2516 2518 2531 2545 2561 2584 2601 2640 2645 2654 2662 2666 2675 2683 2693 2707 2727 2741 2771 2796 2809 2822 2853 2862 2892 2927 2928 2940 2957 2965 2992 2998 3041 3047 3051 3061 3063 3077 3116 3155 3161 3176 3184 3185 3211 3239 3250 3252 3258 3267 3274 3276 3280 3307 3315 3328 3330 3336 3338 3366 3381 3399 3414 3434 3437 3449 3460 3464 3474 3476 3499 3506 3510 3513 3519 3536 3541 3550 3577 3579 3587 3589 3591 3635 3658 3666 3667 3673 3675 3687 3742 3755 3772 3780 3786 3799 3824 3829 3834 3836 3852 3853 3862 3869 3872 3901 3917 3943 3945 3951 4009 4013 4019 4032 4036 4063 4077 4111 4120 4131 4159 4160 4176 4205 4207 4219 4223 4227 4240 4241 4273 4276 4286 4312 4313 4340 4353 4356 4395 4400 4403 4439 4456 4520 4554 4567 4569 4591 4601 4620 4631 4632 4634 4681 4685 4692 4719 4722 4728 4739 4742 4784 4790 4794 4804 4813 4833 4835 4836 4837 4864 4865 4875 4915 4934 4951 4956 4961 4963 4993 5002 5009 5010 5013 5048 5068 5121 5153 5181 5182 5204 5205 5339 5368 5384 5396 5401 5411 5416 5420 5428 5433 5447 5464 5480 5493 5500 5509 5511 5513 5521 5522 5527 5528 5529 5539 5541 5551 5556 5557 5558 5559 5560 5566 5567 5572 5576 5579 5583 5585 5588 5589 5594 5595 5597 5600 5601 5602 5606 5619 5620 5622 5625 5627 5636 5637 5652 5657 5660 5673 5685 5686 5692 5696 5720 5721 5725 5727 5728 5730 5731 5746 5748 5749 5750 5751 5757 5758 5760 5761 5763 5764 5775 5778 5785 5786 5787 5801 5802 5803 5806 5807 5816 5817 5822 5827 5838 5852 5855 5880 5881 5884 5887 5888 5891 5898 5914 5919 5921 5928 5929 5931 5946 5949 5962 5965 5968 5975 5981 5990 304 629 1014 1021 1169 1237 1558 1626 1649 1656 2011 2489 2606 2844 2871 2950 3110 3181 3247 3374 3542 3601 4030 4084 4231 4415 4590 4969 5229 5841 5854 5857 5867 5868 5879 5947 5955 5967 5983 5992 5997 6019 6021 6022 6031
		3733 377 1319 1680 4425 2799 4163 5737 4254 5005 2484 3306 1583
	}
	manpower=0
	history = {
		owner = CAN
	}
	buildings_max_level_factor=1.000
}
