#Labrador
state={
	id=66
	name="STATE_66"
	provinces={
		245 256 261 387 392 421 433 517 611 632 639 752 781 793 826 833 884 934 992 1033 1037 1064 1075 1091 1127 1166 1270 1277 1296 1373 1376 1402 1587 1606 1631 1662 1847 1899 1935 2012 2201 2226 2273 2292 2528 2673 2819 3082 3109 3125 3166 3253 3263 3535 3628 3714 3822 3968 4125 4187 4259 4278 4293 4298 4314 4343 4354 4386 4519 4605 4635 4664 4668 4695 4713 4717 4826 4910 5018 5057 5080 5490 5502 5519 5532 5552 5570 5575 5584 5612 5616 5618 5623 5635 5640 5641 5645 5648 5655 5658 5661 5663 5670 5676 5700 5711 5718 
	}
	manpower=0
	history = {
		owner = CAN
	}
	buildings_max_level_factor=1.000
}
