
state={
	id=74
	name="STATE_74"

	history={
		owner = MEX

	}

	provinces={
		55 116 308 314 440 616 715 796 841 1209 1288 1364 1432 1462 1589 1674 1838 1915 1965 1998 2056 2066 2172 2202 2278 2364 2493 2576 3079 3323 3353 3505 3570 3678 3778 3876 4416 4559 4760 4800 4877 5030 5053 5150 5151 5163 5207 6777 6793 6812 6829 6836 6853 6859 6863 6869 6872 6873 6876 6879 6886 6892 6899 6910 6918 6920 
	}
	manpower=50000
	buildings_max_level_factor=1.000
	state_category=wasteland
	local_supplies=0.000
}
