#Nevada
state={
	id=9
	name="STATE_9"
	provinces={
		59 79 123 270 283 384 580 637 660 723 836 1040 1069 1321 1394 1581 1739 1764 1767 1837 1922 1923 2099 2111 2228 2262 2300 2311 2341 2352 2565 2684 2747 2834 2842 2983 3015 3024 3074 3151 3205 3235 3359 3548 3599 3650 3723 3788 3878 4129 4221 4280 4334 4358 4363 4377 4906 4978 4999 5083 5084 5114 5223 6221 6242 6248 6267 6314 6316 6325 6348 6362 6368 6375 6388 6392 6397 6419 6421 6464 6493 6516 6556 1051 5244 4282 3019 
	}
	manpower=0
	history = {
		owner = PSN
	}
	buildings_max_level_factor=1.000
}
